0.006
0.047
0.026
0.025
0.024
0.004
0.004
0.004
0.004
0.009
0.006
0.005
0.004
0.012
0.003
0.003
0.332
0.346
0.035
0.052
0.008
0.016
0.134
0.004
0.003
0.017
0.037
0.052
0.003
0.004
0.004
0.206
1.355
0.364
0.217
1.440
0.013
0.012
0.015
0.012
0.003
0.004
0.003
0.004
0.003
0.004
0.004
0.005
0.021
0.010
0.008
0.025
0.004
0.005
0.026
0.027
0.003
0.003
0.003
0.004
0.003
0.004
0.004
0.003
0.007
0.005
0.003
0.255
0.015
0.040
0.021
0.006
0.011
0.027
0.046
0.014
0.006
0.018
0.007
0.009
0.012
0.004
0.010
0.007
0.005
0.005
0.006
0.003
0.006
0.010
0.010
0.004
0.005
0.004
0.004
0.004
0.004
0.004
23.114
0.012
0.024
0.005
0.016
0.029
150.023
0.022
0.022
0.004
