0.006
0.049
0.024
0.025
0.024
0.004
0.004
0.004
0.026
0.019
0.005
0.011
0.010
0.010
0.004
0.003
0.333
0.344
0.035
0.051
0.007
0.016
0.135
0.004
0.003
0.018
0.025
0.077
0.003
0.004
0.005
0.203
1.355
0.361
0.217
1.450
0.013
0.011
0.015
0.012
0.003
0.006
0.003
0.005
0.003
0.004
0.006
0.009
0.020
0.020
0.024
0.092
0.006
0.010
0.027
0.028
0.003
0.003
0.003
0.004
0.003
0.004
0.004
0.005
0.008
0.005
0.004
0.263
0.015
0.040
0.020
0.006
0.011
0.029
0.046
0.014
0.006
0.017
0.007
0.008
0.012
0.004
0.010
0.007
0.005
0.006
0.010
0.003
0.012
0.032
0.032
0.004
0.004
0.004
0.004
0.004
0.004
0.004
22.241
0.012
0.023
0.007
0.014
0.027
150.024
0.024
0.023
0.004
