0.007
0.054
0.024
0.025
0.024
0.004
0.004
0.004
0.026
0.019
0.005
0.010
0.010
0.010
0.003
0.003
0.334
0.344
0.035
0.070
0.009
0.019
0.137
0.004
0.003
0.017
0.010
0.015
0.004
0.006
0.005
0.207
1.350
0.361
0.216
1.440
0.013
0.012
0.015
0.013
0.003
0.005
0.003
0.005
0.003
0.004
0.007
0.010
0.021
0.012
0.011
0.034
0.006
0.010
0.026
0.028
0.003
0.003
0.003
0.004
0.003
0.004
0.004
0.004
0.007
0.005
0.003
0.263
0.014
0.040
0.020
0.006
0.011
0.026
0.046
0.014
0.007
0.017
0.007
0.009
0.011
0.004
0.012
0.008
0.006
0.006
0.011
0.003
0.009
0.019
0.018
0.004
0.005
0.004
0.005
0.005
0.004
0.004
0.312
0.010
0.021
0.006
0.014
0.028
0.117
0.018
0.019
0.004
