0.007
1.824
0.024
0.026
0.025
0.004
0.004
0.023
0.026
0.019
0.012
0.010
0.010
0.010
0.003
0.003
150.096
23.467
1.800
150.264
0.515
102.966
150.149
0.006
0.018
0.021
0.010
0.016
0.013
0.078
0.012
150.038
150.026
150.108
150.031
150.024
0.018
0.015
0.017
0.013
0.004
0.004
0.003
0.344
0.005
0.019
0.053
2.375
150.064
0.015
1.649
150.014
0.152
8.658
0.026
0.027
0.004
0.003
0.003
0.004
0.004
0.016
0.006
0.010
0.007
0.005
0.003
17.306
0.016
0.041
0.020
0.006
0.012
0.027
0.047
0.013
0.007
0.017
0.007
0.009
0.012
0.004
0.010
0.007
0.005
0.005
0.010
0.100
0.008
0.017
0.017
0.004
0.005
0.103
0.015
0.007
0.007
0.004
0.336
0.010
0.020
0.005
0.024
1.864
0.128
0.017
0.019
0.004
