0.011
1.377
0.611
0.035
0.054
0.004
0.004
0.031
0.004
0.089
0.057
0.004
0.004
0.013
0.003
0.003
150.078
15.432
1.257
150.056
0.368
90.018
150.099
0.006
0.463
0.022
17.025
0.066
0.632
150.050
0.029
150.020
150.020
150.033
150.019
150.019
0.045
0.012
0.042
0.030
0.014
0.004
0.003
5.612
0.005
0.013
0.015
0.258
150.166
0.158
0.246
146.989
0.318
0.800
0.107
0.216
0.011
0.003
0.003
0.021
0.011
0.347
0.007
0.013
0.007
0.009
0.003
13.860
0.069
0.219
0.076
0.008
0.015
0.508
0.520
0.054
0.010
0.048
0.010
0.010
0.035
0.004
0.025
0.007
0.005
0.004
0.006
0.310
0.008
0.219
0.202
0.007
0.005
0.112
0.116
0.038
0.035
0.006
150.054
0.017
0.025
0.004
0.024
28.697
150.065
0.029
0.035
0.020
